database dbs/A-100.csv, dbs/B-100-3-0.csv
0.00028800
0.00022200
0.00027400
0.00026500
0.00023700
0.00026500
0.00020600
database dbs/A-100.csv, dbs/B-100-5-0.csv
0.00026900
0.00029700
0.00024100
0.00030100
0.00029000
0.00026900
0.00024700
database dbs/A-100.csv, dbs/B-100-10-0.csv
0.00033900
0.00040500
0.00044500
0.00040500
0.00051300
0.00040600
0.00031700
database dbs/A-1000.csv, dbs/B-1000-5-0.csv
0.00165500
0.00146700
0.00187400
0.00157200
0.00169600
0.00163900
0.00158000
database dbs/A-1000.csv, dbs/B-1000-10-4.csv
0.00289700
0.00283700
0.00232600
0.00283300
0.00284000
0.00279100
0.00243900
database dbs/A-1000.csv, dbs/B-1000-50-3.csv
0.01089200
0.01086900
0.01094400
0.01086400
0.01084700
0.01085700
0.01085400
database dbs/A-10000.csv, dbs/B-10000-5-0.csv
0.01955500
0.01812700
0.01766600
0.01770300
0.01756100
0.01769800
0.02225200
database dbs/A-10000.csv, dbs/B-10000-50-3.csv
0.10496900
0.10483400
0.10518100
0.10462900
0.10464900
0.10474400
0.10454200
database dbs/A-10000.csv, dbs/B-10000-500-1.csv
1.12815500
1.13316200
1.13025100
1.13016800
1.13056100
1.12991300
2.11989700
