database dbs/A-100.csv, dbs/B-100-3-0.csv
0.00048000
0.00044000
0.00049000
0.00043800
0.00043800
0.00036600
0.00035200
database dbs/A-100.csv, dbs/B-100-5-0.csv
0.00057500
0.00052100
0.00047700
0.00057900
0.00048100
0.00049300
0.00047000
database dbs/A-100.csv, dbs/B-100-10-0.csv
0.00076100
0.00087900
0.00076900
0.00072600
0.00075800
0.00074800
0.00088600
database dbs/A-1000.csv, dbs/B-1000-5-0.csv
0.00603900
0.00660000
0.00623700
0.00583700
0.00594400
0.00572600
0.00601100
database dbs/A-1000.csv, dbs/B-1000-10-4.csv
0.00868500
0.00967400
0.00914000
0.00949600
0.00941200
0.00889900
0.00959400
database dbs/A-1000.csv, dbs/B-1000-50-3.csv
0.03901400
0.03949400
0.03914600
0.04351900
0.03948700
0.03812400
0.04180400
database dbs/A-10000.csv, dbs/B-10000-5-0.csv
0.05847200
0.05766800
0.05847300
0.05872700
0.05825300
0.05676900
0.05667100
database dbs/A-10000.csv, dbs/B-10000-50-3.csv
0.41877900
0.42941800
0.40818600
0.41557200
0.41408700
0.43030000
0.80515200
database dbs/A-10000.csv, dbs/B-10000-500-1.csv
8.51066900
9.55942000
9.54519500
7.91567400
7.77576500
5.59292700
4.91942400
