database dbs/A-100.csv, dbs/B-100-3-0.csv
0.00144700
0.00014800
0.00011600
0.00014200
0.00011800
0.00012700
0.00011900
database dbs/A-100.csv, dbs/B-100-5-0.csv
0.00014700
0.00014000
0.00012300
0.00013400
0.00012400
0.00012000
0.00014500
database dbs/A-100.csv, dbs/B-100-10-0.csv
0.00018800
0.00011900
0.00015500
0.00014800
0.00019700
0.00016300
0.00013200
database dbs/A-1000.csv, dbs/B-1000-5-0.csv
0.00013100
0.00011800
0.00015000
0.00012200
0.00011900
0.00014400
0.00012200
database dbs/A-1000.csv, dbs/B-1000-10-4.csv
0.00016300
0.00012500
0.00012600
0.00012700
0.00012100
0.00016900
0.00011500
database dbs/A-1000.csv, dbs/B-1000-50-3.csv
0.00012700
0.00015700
0.00015000
0.00015900
0.00016000
0.00015000
0.00012200
database dbs/A-10000.csv, dbs/B-10000-5-0.csv
0.00016700
0.00015200
0.00015000
0.00015500
0.00015300
0.00018400
0.00016300
database dbs/A-10000.csv, dbs/B-10000-50-3.csv
0.00019800
0.00020000
0.00041100
0.00025300
0.00019800
0.00024600
0.00030100
database dbs/A-10000.csv, dbs/B-10000-500-1.csv
0.00020400
0.00030200
0.00031200
0.00030000
0.00029900
0.00030600
0.00020400
