database dbs/A-100.csv, dbs/B-100-3-0.csv
0.00057100
0.00016200
0.00014100
0.00017300
0.00011300
0.00100100
0.00011400
database dbs/A-100.csv, dbs/B-100-5-0.csv
0.00014600
0.00010900
0.00014000
0.00012600
0.00013800
0.00014700
0.00012400
database dbs/A-100.csv, dbs/B-100-10-0.csv
0.00014200
0.00014200
0.00012600
0.00011400
0.00014500
0.00014100
0.00014400
database dbs/A-1000.csv, dbs/B-1000-5-0.csv
0.00041300
0.00043800
0.00035000
0.00035600
0.00034300
0.00034600
0.00055300
database dbs/A-1000.csv, dbs/B-1000-10-4.csv
0.00040600
0.00033000
0.00039600
0.00039400
0.00040200
0.00035100
0.00034600
database dbs/A-1000.csv, dbs/B-1000-50-3.csv
0.00040400
0.00041000
0.00041000
0.00035600
0.00040300
0.00041200
0.00040400
database dbs/A-10000.csv, dbs/B-10000-5-0.csv
0.00298600
0.00315600
0.00299100
0.00298900
0.00298600
0.00299200
0.00298400
database dbs/A-10000.csv, dbs/B-10000-50-3.csv
0.00310400
0.00308800
0.00307200
0.00306300
0.00313600
0.00306600
0.00587200
database dbs/A-10000.csv, dbs/B-10000-500-1.csv
0.00331200
0.00330000
0.00330700
0.00330300
0.00329800
0.00330800
0.00614600
