database dbs/A-100.csv, dbs/B-100-3-0.csv
0.00022600
0.00015300
0.00015600
0.00015000
0.00013000
0.00017600
0.00016300
database dbs/A-100.csv, dbs/B-100-5-0.csv
0.00016100
0.00019300
0.00017400
0.00017100
0.00013700
0.00017400
0.00013100
database dbs/A-100.csv, dbs/B-100-10-0.csv
0.00017900
0.00017600
0.00022700
0.00018900
0.00021100
0.00017500
0.00016800
database dbs/A-1000.csv, dbs/B-1000-5-0.csv
0.00076200
0.00080700
0.00079900
0.00081700
0.00069100
0.00066200
0.00070200
database dbs/A-1000.csv, dbs/B-1000-10-4.csv
0.00103300
0.00122700
0.00101600
0.00122900
0.00110800
0.00123000
0.00105100
database dbs/A-1000.csv, dbs/B-1000-50-3.csv
0.00432600
0.00432200
0.00397700
0.00431700
0.00432700
0.00423100
0.00377500
database dbs/A-10000.csv, dbs/B-10000-5-0.csv
0.00723400
0.00724200
0.00723100
0.00724000
0.00723500
0.00627600
0.00727400
database dbs/A-10000.csv, dbs/B-10000-50-3.csv
0.04077100
0.04063800
0.04067100
0.04108700
0.04077200
0.04091300
0.07613800
database dbs/A-10000.csv, dbs/B-10000-500-1.csv
0.71860100
0.71011500
0.70955600
0.70936900
0.70932500
0.65500500
0.37961600
