database dbs/A-100.csv, dbs/B-100-3-0.csv
0.00155700
0.00184900
0.00181800
0.00181600
0.00147600
0.00180300
0.00144700
database dbs/A-100.csv, dbs/B-100-5-0.csv
0.00196900
0.00197200
0.00218100
0.00230600
0.00243200
0.00220900
0.00200900
database dbs/A-100.csv, dbs/B-100-10-0.csv
0.00469300
0.00349300
0.00365000
0.00423000
0.00364300
0.00369200
0.00387500
database dbs/A-1000.csv, dbs/B-1000-5-0.csv
0.17972700
0.18030700
0.18030700
0.17914500
0.17946700
0.17976900
0.17972500
database dbs/A-1000.csv, dbs/B-1000-10-4.csv
0.37911900
0.38162900
0.38050800
0.38100700
0.38173000
0.38141100
0.38036600
database dbs/A-1000.csv, dbs/B-1000-50-3.csv
1.68608200
1.68707500
1.67318400
1.67301500
1.67226100
1.43224700
1.43288300
database dbs/A-10000.csv, dbs/B-10000-5-0.csv
26.78799400
17.00858200
17.00580600
17.00710800
16.99870100
16.98766500
17.01137000
database dbs/A-10000.csv, dbs/B-10000-50-3.csv
159.17152700
125.37812200
125.34473200
125.37014500
125.33768600
125.36334400
125.37285100
database dbs/A-10000.csv, dbs/B-10000-500-1.csv
1232.06035200
1235.11861200
1233.91770500
1234.23413400
1251.92609700
1245.37595900
1239.75258000