database dbs/A-100.csv, dbs/B-100-3-0.csv
0.00047100
0.00028100
0.00026000
0.00035300
0.00027100
0.00032700
0.00026200
database dbs/A-100.csv, dbs/B-100-5-0.csv
0.00035700
0.00041800
0.00040100
0.00040500
0.00040300
0.00035800
0.00033400
database dbs/A-100.csv, dbs/B-100-10-0.csv
0.00089200
0.00058100
0.00062000
0.00070100
0.00059800
0.00059700
0.00057500
database dbs/A-1000.csv, dbs/B-1000-5-0.csv
0.00374100
0.00453600
0.00364700
0.00466800
0.00406500
0.00424000
0.00476400
database dbs/A-1000.csv, dbs/B-1000-10-4.csv
0.00712700
0.00657200
0.00657300
0.00650300
0.00646000
0.00661900
0.00666900
database dbs/A-1000.csv, dbs/B-1000-50-3.csv
0.03731500
0.03711300
0.03734500
0.03684300
0.03671200
0.03813400
0.03457000
database dbs/A-10000.csv, dbs/B-10000-5-0.csv
0.05151600
0.04725400
0.04516100
0.04486800
0.04727000
0.04564600
0.04472900
database dbs/A-10000.csv, dbs/B-10000-50-3.csv
0.42446800
0.40677900
0.40578100
0.40766300
0.40226700
0.40651800
0.40649200
database dbs/A-10000.csv, dbs/B-10000-500-1.csv
4.82881200
4.76056200
4.76999600
4.76407000
4.77090600
4.76197000
8.52195000
