database dbs/A-100.csv, dbs/B-100-3-0.csv
0.00019200
0.00022700
0.00017300
0.00015400
0.00014900
0.00018700
0.00018600
database dbs/A-100.csv, dbs/B-100-5-0.csv
0.00019100
0.00021700
0.00020900
0.00017600
0.00023800
0.00017700
0.00019000
database dbs/A-100.csv, dbs/B-100-10-0.csv
0.00055000
0.00035100
0.00033800
0.00037600
0.00034500
0.00030000
0.00034400
database dbs/A-1000.csv, dbs/B-1000-5-0.csv
0.00166800
0.00137100
0.00174700
0.00142700
0.00156400
0.00139800
0.00143600
database dbs/A-1000.csv, dbs/B-1000-10-4.csv
0.00281100
0.00242500
0.00247300
0.00287700
0.00293300
0.00223200
0.00239400
database dbs/A-1000.csv, dbs/B-1000-50-3.csv
0.00952900
0.01021400
0.00973600
0.00988900
0.01009700
0.00990600
0.01006900
database dbs/A-10000.csv, dbs/B-10000-5-0.csv
0.01674600
0.01314100
0.01384400
0.01343300
0.01314300
0.01332500
0.01334400
database dbs/A-10000.csv, dbs/B-10000-50-3.csv
0.08623200
0.08773000
0.08752300
0.08651800
0.08557300
0.08703000
0.08853360
database dbs/A-10000.csv, dbs/B-10000-500-1.csv
1.78982900
1.47122000
1.47801200
1.40774900
1.43623700
1.43768600
1.44636900
