database dbs/A-100.csv, dbs/B-100-3-0.csv
0.000
0.000
0.000
0.000
0.000
0.000
0.000
database dbs/A-100.csv, dbs/B-100-5-0.csv
0.000
0.000
0.000
0.000
0.000
0.000
0.000
database dbs/A-100.csv, dbs/B-100-10-0.csv
0.000
0.000
0.000
0.001
0.000
0.000
0.000
database dbs/A-1000.csv, dbs/B-1000-5-0.csv
0.001
0.001
0.001
0.001
0.001
0.001
0.001
database dbs/A-1000.csv, dbs/B-1000-10-4.csv
0.001
0.002
0.002
0.001
0.002
0.001
0.002
database dbs/A-1000.csv, dbs/B-1000-50-3.csv
0.005
0.004
0.005
0.005
0.004
0.004
0.005
database dbs/A-10000.csv, dbs/B-10000-5-0.csv
0.009
0.010
0.011
0.010
0.011
0.011
0.010
database dbs/A-10000.csv, dbs/B-10000-50-3.csv
0.052
0.048
0.047
0.047
0.051
0.047
0.049
database dbs/A-10000.csv, dbs/B-10000-500-1.csv
0.552
0.556
0.547
0.551
0.543
0.544
0.564
