database dbs/A-100.csv, dbs/B-100-3-0.csv
0.001
0.000
0.000
0.001
0.001
0.001
0.000
database dbs/A-100.csv, dbs/B-100-5-0.csv
0.000
0.000
0.001
0.001
0.000
0.000
0.001
database dbs/A-100.csv, dbs/B-100-10-0.csv
0.001
0.000
0.000
0.000
0.000
0.000
0.000
database dbs/A-1000.csv, dbs/B-1000-5-0.csv
0.002
0.003
0.002
0.003
0.002
0.003
0.003
database dbs/A-1000.csv, dbs/B-1000-10-4.csv
0.005
0.005
0.004
0.004
0.004
0.005
0.004
database dbs/A-1000.csv, dbs/B-1000-50-3.csv
0.020
0.020
0.020
0.020
0.019
0.019
0.020
database dbs/A-10000.csv, dbs/B-10000-5-0.csv
0.026
0.026
0.026
0.026
0.026
0.027
0.026
database dbs/A-10000.csv, dbs/B-10000-50-3.csv
0.197
0.187
0.192
0.186
0.190
0.191
0.186
database dbs/A-10000.csv, dbs/B-10000-500-1.csv
1.933
1.908
1.925
1.944
1.949
1.913
1.993
