database dbs/A-100.csv, dbs/B-100-3-0.csv
0.000
0.000
0.000
0.000
0.000
0.001
0.001
database dbs/A-100.csv, dbs/B-100-5-0.csv
0.000
0.000
0.000
0.000
0.000
0.001
0.001
database dbs/A-100.csv, dbs/B-100-10-0.csv
0.000
0.000
0.001
0.001
0.001
0.000
0.001
database dbs/A-1000.csv, dbs/B-1000-5-0.csv
0.003
0.004
0.003
0.003
0.003
0.003
0.003
database dbs/A-1000.csv, dbs/B-1000-10-4.csv
0.005
0.006
0.006
0.005
0.006
0.005
0.006
database dbs/A-1000.csv, dbs/B-1000-50-3.csv
0.025
0.026
0.025
0.024
0.026
0.028
0.025
database dbs/A-10000.csv, dbs/B-10000-5-0.csv
0.034
0.035
0.035
0.035
0.034
0.035
0.035
database dbs/A-10000.csv, dbs/B-10000-50-3.csv
0.314
0.317
0.315
0.310
0.306
0.314
0.315
database dbs/A-10000.csv, dbs/B-10000-500-1.csv
3.247
3.194
3.414
3.257
3.227
3.182
3.334
